{
    "buckets": [
        {
            "name": "bucket1",
            "offset": [
                -0.999663, 0.031221, 0.000515, 0.550040, 
                0.031171, 0.998714, -0.039981, -0.516124, 
                -0.001763, -0.039951, -0.999351, -0.42000, 
                0.000000, 0.000000, 0.000000, 1.000000
            ]
        },

        {
            "name": "bucket1a",
            "offset": [
                -0.626168, -0.779510, 0.024069, 0.504049, 
                -0.779751, 0.625586, -0.025125, 0.206124, 
                0.004528, -0.034500, -0.999546, -0.42000, 
                0.000000, 0.000000, 0.000000, 1.000000
            ]
        },

        {
            "name": "bucket2",
            "offset": [
                -0.999803, -0.003898, -0.026100, 0.490166, 
                -0.003227, 0.999664, -0.025707, 0.407937, 
                0.026191, -0.025618, -0.999480, -0.42000, 
                0.000000, 0.000000, 0.000000, 1.000000
            ]
        },

        {
            "name": "bucket2a",
            "offset": [
                -0.493306, 0.868041, -0.058797, 0.480437, 
                0.869885, 0.492477, -0.027707, -0.300816, 
                0.004905, -0.064814, -0.998037, -0.42000, 
                0.000000, 0.000000, 0.000000, 1.0000
            ]
        },

        {
            "name": "bucket3",
            "offset": [
                0.998840, 0.014387, -0.049128, 0.529951, 
                0.014442, -0.999895, 0.000803, -0.433028, 
                -0.049111, -0.001512, -0.998943, -0.42000, 
                0.000000, 0.000000, 0.000000, 1.000000
            ]
        },

        {
            "name": "bucket3a",
            "offset": [
                0.705964, 0.706634, -0.050850, 0.414134, 
                0.702881, -0.707502, -0.073479, 0.207773, 
                -0.087899, 0.016132, -0.996150, -0.42000, 
                0.000000, 0.000000, 0.000000, 1.000000
            ]
        },

        {
            "name": "bucket4",
            "offset": [
                0.993789, 0.002955, -0.112592, 0.430355, 
                0.000168, -0.999694, -0.024749, 0.422722, 
                -0.112631, 0.024576, -0.993485, -0.42000, 
                0.000000, 0.000000, 0.000000, 1.000000
            ]
        },

        {
            "name": "bucket4a",
            "offset": [
                0.585685, -0.807392, -0.073439, 0.485660, 
                -0.806571, -0.589312, 0.046417, -0.207583, 
                -0.080755, 0.032048, -0.996370, -0.42000, 
                0.000000, 0.000000, 0.000000, 1.000000
            ]
        }
    ]
}
